1   273149  4888244   273755  4888351 
2   273140  4888293   273747  4888400 
3   273132  4888342   273738  4888449 
4   273123  4888392   273729  4888498 
5   273114  4888441   273721  4888548 
6   273106  4888490   273712  4888597 
7   273097  4888539   273703  4888646 
8   273088  4888589   273695  4888695 
9   273080  4888638   273686  4888745 
10   273071  4888687   273677  4888794 
11   273062  4888736   273669  4888843 
12   273054  4888786   273660  4888892 
13   273045  4888835   273651  4888942 
14   273036  4888884   273642  4888991 
15   273028  4888933   273634  4889040 
16   273019  4888982   273625  4889089 
17   273010  4889032   273616  4889139 
